# oST version 5.0 parameters


[image]

width
1280

height
1024

[narrow_stereo]

camera matrix
1282.914794 0.000000 622.636267
0.000000 1286.149674 506.957388
0.000000 0.000000 1.000000

distortion
-0.223747 0.153399 -0.001841 -0.001457 0.000000

rectification
1.000000 0.000000 0.000000
0.000000 1.000000 0.000000
0.000000 0.000000 1.000000

projection
1217.436768 0.000000 618.946259 0.000000
0.000000 1241.588501 504.857042 0.000000
0.000000 0.000000 1.000000 0.000000
