cam0:
  T_cam_imu:
  - [0.01477499060669174, 0.9995401658785165, -0.02647935890688838, 0.0655352204490048]
  - [-0.9998892735960357, 0.014816718866490608, 0.0013803585125554685, -0.01990149740639945]
  - [0.0017720609932997834, 0.026456032158640466, 0.9996484072724053, -0.004912110703424383]
  - [0.0, 0.0, 0.0, 1.0]
  cam_overlaps: []
  camera_model: pinhole
  distortion_coeffs: [-0.2879529995338575, 0.0781311194952221, 0.00021265916642721963, -0.0001221450347654466]
  distortion_model: radtan
  intrinsics: [458.9432286546919, 457.5637533402653, 367.0272509347057, 249.3128033381081]
  resolution: [752, 480]
  rostopic: /cam0/image_raw
  timeshift_cam_imu: -5.358274956430555e-05
