# oST version 5.0 parameters


[image]

width
1440

height
1080

[narrow_stereo]

camera matrix
1770.939940 0.000000 715.847994
0.000000 1773.727307 586.220106
0.000000 0.000000 1.000000

distortion
-0.200181 0.101885 -0.000826 -0.000365 0.000000

rectification
1.000000 0.000000 0.000000
0.000000 1.000000 0.000000
0.000000 0.000000 1.000000

projection
1712.656006 0.000000 714.722309 0.000000
0.000000 1739.194946 586.922948 0.000000
0.000000 0.000000 1.000000 0.000000
