# oST version 5.0 parameters


[image]

width
1440

height
1080

[narrow_stereo]

camera matrix
1777.564127 0.000000 741.136909
0.000000 1780.471567 572.755081
0.000000 0.000000 1.000000

distortion
-0.207634 0.134369 0.001056 0.001331 0.000000

rectification
1.000000 0.000000 0.000000
0.000000 1.000000 0.000000
0.000000 0.000000 1.000000

projection
1718.507690 0.000000 743.243471 0.000000
0.000000 1745.031616 573.978047 0.000000
0.000000 0.000000 1.000000 0.000000
