cam0:
  rostopic: /camera_array/cam0/image_raw
  resolution: [1440, 1080]
  cam_overlaps: []
  camera_model: pinhole
  intrinsics: [1770.24241, 1774.00624, 721.17214, 571.14052]
  distortion_model: radtan
  distortion_coeffs: [-0.200482, 0.127172, 0.001544, 0.000018]