# oST version 5.0 parameters


[image]

width
1440

height
1080

[narrow_stereo]

camera matrix
1801.593224 0.000000 711.955061
0.000000 1801.300259 570.296857
0.000000 0.000000 1.000000

distortion
-0.202411 0.148336 -0.000207 -0.003231 0.000000

rectification
1.000000 0.000000 0.000000
0.000000 1.000000 0.000000
0.000000 0.000000 1.000000

projection
1745.822021 0.000000 707.877074 0.000000
0.000000 1767.732300 570.695495 0.000000
0.000000 0.000000 1.000000 0.000000
