# oST version 5.0 parameters


[image]

width
1440

height
1080

[narrow_stereo]

camera matrix
1794.305564 0.000000 719.534008
0.000000 1797.772885 522.896190
0.000000 0.000000 1.000000

distortion
-0.198662 0.063605 -0.001328 -0.000019 0.000000

rectification
1.000000 0.000000 0.000000
0.000000 1.000000 0.000000
0.000000 0.000000 1.000000

projection
1735.099243 0.000000 718.983933 0.000000
0.000000 1763.458008 521.088090 0.000000
0.000000 0.000000 1.000000 0.000000
