cam0:
  rostopic: /camera_array/cam0/image_raw
  resolution: [1440, 1080]
  cam_overlaps: []
  camera_model: pinhole
  intrinsics: [1770.93994, 1774.00624, 715.84799, 586.22011]
  distortion_model: radtan
  distortion_coeffs: [-0.200181, 0.101885, -0.000826, -0.000365]