# oST version 5.0 parameters


[image]

width
1440

height
1080

[narrow_stereo]

camera matrix
1770.242406 0.000000 721.172142
0.000000 1774.006244 571.140525
0.000000 0.000000 1.000000

distortion
-0.200482 0.127172 0.001544 0.000018 0.000000

rectification
1.000000 0.000000 0.000000
0.000000 1.000000 0.000000
0.000000 0.000000 1.000000

projection
1713.267944 0.000000 720.759746 0.000000
0.000000 1739.657593 572.532638 0.000000
0.000000 0.000000 1.000000 0.000000
