# oST version 5.0 parameters


[image]

width
1440

height
1080

[narrow_stereo]

camera matrix
1779.907486 0.000000 789.934120
0.000000 1782.005936 575.542099
0.000000 0.000000 1.000000

distortion
-0.192291 0.098310 0.001879 0.003065 0.000000

rectification
1.000000 0.000000 0.000000
0.000000 1.000000 0.000000
0.000000 0.000000 1.000000

projection
1721.070312 0.000000 796.546931 0.000000
0.000000 1747.972900 577.233764 0.000000
0.000000 0.000000 1.000000 0.000000
