# oST version 5.0 parameters


[image]

width
1440

height
1080

[narrow_stereo]

camera matrix
1787.365422 0.000000 745.266877
0.000000 1790.184280 526.991411
0.000000 0.000000 1.000000

distortion
-0.212015 0.193078 -0.002106 0.000953 0.000000

rectification
1.000000 0.000000 0.000000
0.000000 1.000000 0.000000
0.000000 0.000000 1.000000

projection
1730.597168 0.000000 747.056026 0.000000
0.000000 1755.433105 524.945116 0.000000
0.000000 0.000000 1.000000 0.000000
